
#Mean Percentage of identity:                            0.843754
#Mean Percentage of identity with most similar sequence: 0.871058

#Percentage of identity matrix:
A72  	0         	86.7238   	79.6574   	89.6996   	86.0515   	85.2248   	
A69  	86.7238   	0         	81.9743   	87.069    	86.2069   	87.3118   	
A70  	79.6574   	81.9743   	0         	77.2532   	80.4301   	79.8715   	
A71  	89.6996   	87.069    	77.2532   	0         	84.6652   	86.8534   	
A68  	86.0515   	86.2069   	80.4301   	84.6652   	0         	86.6379   	
A73  	85.2248   	87.3118   	79.8715   	86.8534   	86.6379   	0         	

#Percentage of identity with most similar sequence:
A72  	89.6996		A71
A69  	87.3118		A73
A70  	81.9743		A69
A71  	89.6996		A72
A68  	86.6379		A73
A73  	87.3118		A69

