
#Mean Percentage of identity:                            0.790997
#Mean Percentage of identity with most similar sequence: 0.918893

#Percentage of identity matrix:
A118  	0         	81.0875   	82.5059   	79.669    	95.5083   	66.4303   	95.2719   	96.2175   	69.2671   	
A117  	81.0875   	0         	96.6667   	93.8889   	81.7967   	79.7222   	82.2695   	82.9787   	56.974    	
A119  	82.5059   	96.6667   	0         	95.5556   	81.5603   	78.3333   	80.3783   	82.0331   	55.792    	
A120  	79.669    	93.8889   	95.5556   	0         	79.9054   	76.9444   	78.0142   	80.1418   	54.1371   	
A121  	95.5083   	81.7967   	81.5603   	79.9054   	0         	66.1939   	95.0355   	97.8723   	70.2128   	
A122  	66.4303   	79.7222   	78.3333   	76.9444   	66.1939   	0         	65.9574   	66.9031   	66.6667   	
A123  	95.2719   	82.2695   	80.3783   	78.0142   	95.0355   	65.9574   	0         	96.2175   	69.5035   	
A124  	96.2175   	82.9787   	82.0331   	80.1418   	97.8723   	66.9031   	96.2175   	0         	69.9764   	
A125  	69.2671   	56.974    	55.792    	54.1371   	70.2128   	66.6667   	69.5035   	69.9764   	0         	

#Percentage of identity with most similar sequence:
A118  	96.2175		A124
A117  	96.6667		A119
A119  	96.6667		A117
A120  	95.5556		A119
A121  	97.8723		A124
A122  	79.7222		A117
A123  	96.2175		A124
A124  	97.8723		A121
A125  	70.2128		A121

