
#Mean Percentage of identity:                            0.751125
#Mean Percentage of identity with most similar sequence: 0.889086

#Percentage of identity matrix:
A118  	0         	75.8865   	80.1418   	71.6312   	90.7801   	62.4114   	90.0709   	91.4894   	65.2482   	
A117  	75.8865   	0         	95        	86.6667   	76.5957   	78.3333   	78.7234   	79.4326   	56.7376   	
A119  	80.1418   	95        	0         	90        	78.0142   	75.8333   	75.8865   	79.4326   	55.3191   	
A120  	71.6312   	86.6667   	90        	0         	73.7589   	71.6667   	70.2128   	73.0496   	49.6454   	
A121  	90.7801   	76.5957   	78.0142   	73.7589   	0         	62.4114   	89.3617   	95.0355   	68.7943   	
A122  	62.4114   	78.3333   	75.8333   	71.6667   	62.4114   	0         	62.4114   	63.8298   	64.7059   	
A123  	90.0709   	78.7234   	75.8865   	70.2128   	89.3617   	62.4114   	0         	91.4894   	65.9574   	
A124  	91.4894   	79.4326   	79.4326   	73.0496   	95.0355   	63.8298   	91.4894   	0         	68.0851   	
A125  	65.2482   	56.7376   	55.3191   	49.6454   	68.7943   	64.7059   	65.9574   	68.0851   	0         	

#Percentage of identity with most similar sequence:
A118  	91.4894		A124
A117  	95   		A119
A119  	95   		A117
A120  	90   		A119
A121  	95.0355		A124
A122  	78.3333		A117
A123  	91.4894		A124
A124  	95.0355		A121
A125  	68.7943		A121

