
#Mean Percentage of identity:                            0.753759
#Mean Percentage of identity with most similar sequence: 0.873434

#Percentage of identity matrix:
A153  	0         	98.2456   	95.614    	94.2982   	96.4912   	99.5614   	24.1228   	
A154  	98.2456   	0         	97.3684   	96.0526   	96.4912   	97.807    	24.1228   	
A155  	95.614    	97.3684   	0         	93.4211   	93.8596   	95.1754   	23.6842   	
A156  	94.2982   	96.0526   	93.4211   	0         	94.7368   	94.7368   	23.2456   	
A157  	96.4912   	96.4912   	93.8596   	94.7368   	0         	96.0526   	23.6842   	
A158  	99.5614   	97.807    	95.1754   	94.7368   	96.0526   	0         	24.1228   	
A159  	24.1228   	24.1228   	23.6842   	23.2456   	23.6842   	24.1228   	0         	

#Percentage of identity with most similar sequence:
A153  	99.5614		A158
A154  	98.2456		A153
A155  	97.3684		A154
A156  	96.0526		A154
A157  	96.4912		A153
A158  	99.5614		A153
A159  	24.1228		A153

