
#Mean Percentage of identity:                            0.929208
#Mean Percentage of identity with most similar sequence: 0.984939

#Percentage of identity matrix:
A34  	0         	97.3064   	97.595    	98.0279   	89.5773   	89.4332   	89.001    	96.5849   	
A32  	97.3064   	0         	98.0676   	98.8889   	88.7128   	88.3766   	87.8482   	95.3824   	
A33  	97.595    	98.0676   	0         	99.0821   	88.7128   	88.2805   	88.9372   	96.178    	
A31  	98.0279   	98.8889   	99.0821   	0         	89.1451   	88.8088   	88.2805   	95.671    	
A35  	89.5773   	88.7128   	88.7128   	89.1451   	0         	98.794    	98.6975   	88.9529   	
A36  	89.4332   	88.3766   	88.2805   	88.8088   	98.794    	0         	98.4563   	89.418    	
A37  	89.001    	87.8482   	88.9372   	88.2805   	98.6975   	98.4563   	0         	89.5652   	
A38  	96.5849   	95.3824   	96.178    	95.671    	88.9529   	89.418    	89.5652   	0         	

#Percentage of identity with most similar sequence:
A34  	98.0279		A31
A32  	98.8889		A31
A33  	99.0821		A31
A31  	99.0821		A33
A35  	98.794		A36
A36  	98.794		A35
A37  	98.6975		A35
A38  	96.5849		A34

