
#Mean Percentage of identity:                            0.892203
#Mean Percentage of identity with most similar sequence: 0.96183

#Percentage of identity matrix:
A61  	0         	87.4482   	87.2549   	88.0435   	87.2511   	91.0784   	82.7899   	82.5828   	
A58  	87.4482   	0         	95.7231   	97.9619   	96.573    	84.3031   	89.6487   	89.3269   	
A59  	87.2549   	95.7231   	0         	95.83     	96.4744   	83.5913   	90.5373   	90.564    	
A60  	88.0435   	97.9619   	95.83     	0         	97.162    	84.7686   	89.9169   	89.5951   	
A57  	87.2511   	96.573    	96.4744   	97.162    	0         	84.7168   	89.1566   	88.9157   	
A62  	91.0784   	84.3031   	83.5913   	84.7686   	84.7168   	0         	79.157    	78.9242   	
A63  	82.7899   	89.6487   	90.5373   	89.9169   	89.1566   	79.157    	0         	98.8737   	
A64  	82.5828   	89.3269   	90.564    	89.5951   	88.9157   	78.9242   	98.8737   	0         	

#Percentage of identity with most similar sequence:
A61  	91.0784		A62
A58  	97.9619		A60
A59  	96.4744		A57
A60  	97.9619		A58
A57  	97.162		A60
A62  	91.0784		A61
A63  	98.8737		A64
A64  	98.8737		A63

