
#Mean Percentage of identity:                            0.853224
#Mean Percentage of identity with most similar sequence: 0.945105

#Percentage of identity matrix:
A61  	0         	82.8416   	82.9721   	83.6956   	82.467    	87.1994   	76.3975   	76.1646   	
A58  	82.8416   	0         	93.8252   	96.9429   	95.1004   	80.5275   	84.7144   	84.6339   	
A59  	82.9721   	93.8252   	0         	93.8252   	94.7115   	79.7988   	86.4475   	86.6881   	
A60  	83.6956   	96.9429   	93.8252   	0         	95.8233   	80.9154   	84.7948   	84.6339   	
A57  	82.467    	95.1004   	94.7115   	95.8233   	0         	81.3809   	84.1767   	84.1767   	
A62  	87.1994   	80.5275   	79.7988   	80.9154   	81.3809   	0         	72.8472   	72.692    	
A63  	76.3975   	84.7144   	86.4475   	84.7948   	84.1767   	72.8472   	0         	98.6323   	
A64  	76.1646   	84.6339   	86.6881   	84.6339   	84.1767   	72.692    	98.6323   	0         	

#Percentage of identity with most similar sequence:
A61  	87.1994		A62
A58  	96.9429		A60
A59  	94.7115		A57
A60  	96.9429		A58
A57  	95.8233		A60
A62  	87.1994		A61
A63  	98.6323		A64
A64  	98.6323		A63

